505.000000 330.000000 1115.000000 42.000000 73.000000 
506.000000 235.000000 1230.000000 77.000000 14.000000 
515.000000 501.000000 1044.000000 29.000000 100.000000 
516.000000 873.000000 954.000000 2.000000 100.000000 
529.000000 1072.000000 1426.000000 61.000000 87.000000 
537.000000 13.000000 20.000000 100.000000 38.000000 
539.000000 732.000000 1427.000000 76.000000 68.000000 
543.000000 23.000000 1140.000000 74.000000 67.000000 
545.000000 869.000000 987.000000 54.000000 7.000000 
565.000000 865.000000 1344.000000 80.000000 18.000000 
574.000000 712.000000 1216.000000 99.000000 3.000000 
575.000000 95.000000 1072.000000 81.000000 70.000000 
599.000000 70.000000 144.000000 56.000000 16.000000 
624.000000 97.000000 704.000000 28.000000 52.000000 
627.000000 359.000000 611.000000 73.000000 94.000000 
649.000000 9.000000 230.000000 21.000000 71.000000 
655.000000 642.000000 835.000000 6.000000 90.000000 
662.000000 845.000000 930.000000 65.000000 55.000000 
668.000000 61.000000 365.000000 99.000000 22.000000 
675.000000 583.000000 1003.000000 66.000000 11.000000 
677.000000 994.000000 1103.000000 4.000000 87.000000 
686.000000 450.000000 1385.000000 33.000000 81.000000 
693.000000 62.000000 798.000000 55.000000 6.000000 
698.000000 182.000000 519.000000 62.000000 12.000000 
699.000000 86.000000 1270.000000 11.000000 54.000000 
715.000000 468.000000 1392.000000 51.000000 12.000000 
731.000000 98.000000 103.000000 77.000000 72.000000 
738.000000 218.000000 266.000000 66.000000 37.000000 
750.000000 270.000000 503.000000 41.000000 35.000000 
766.000000 456.000000 1270.000000 56.000000 72.000000 
767.000000 761.000000 1181.000000 33.000000 22.000000 
769.000000 773.000000 1129.000000 97.000000 43.000000 
772.000000 334.000000 730.000000 16.000000 17.000000 
800.000000 176.000000 1005.000000 19.000000 52.000000 
843.000000 659.000000 971.000000 91.000000 42.000000 
855.000000 1169.000000 1271.000000 55.000000 23.000000 
857.000000 611.000000 746.000000 63.000000 72.000000 
861.000000 647.000000 1168.000000 31.000000 66.000000 
869.000000 132.000000 1432.000000 35.000000 49.000000 
871.000000 623.000000 1273.000000 90.000000 30.000000 
875.000000 65.000000 646.000000 22.000000 39.000000 
887.000000 373.000000 985.000000 99.000000 86.000000 
890.000000 1270.000000 1414.000000 93.000000 89.000000 
897.000000 467.000000 609.000000 84.000000 5.000000 
898.000000 715.000000 1140.000000 79.000000 41.000000 
928.000000 327.000000 468.000000 24.000000 51.000000 
929.000000 790.000000 1106.000000 67.000000 85.000000 
945.000000 578.000000 1279.000000 65.000000 77.000000 
950.000000 513.000000 645.000000 63.000000 53.000000 
953.000000 249.000000 1154.000000 27.000000 19.000000 
972.000000 159.000000 1217.000000 74.000000 43.000000 
978.000000 400.000000 906.000000 59.000000 66.000000 
982.000000 668.000000 1030.000000 55.000000 49.000000 
986.000000 798.000000 919.000000 20.000000 21.000000 
990.000000 383.000000 1140.000000 18.000000 28.000000 
995.000000 1017.000000 1029.000000 50.000000 83.000000 
1034.000000 396.000000 466.000000 83.000000 24.000000 
1044.000000 798.000000 1227.000000 40.000000 44.000000 
1063.000000 248.000000 729.000000 82.000000 49.000000 
1078.000000 213.000000 348.000000 58.000000 6.000000 
1082.000000 901.000000 962.000000 89.000000 42.000000 
1095.000000 600.000000 665.000000 12.000000 15.000000 
1096.000000 435.000000 968.000000 42.000000 45.000000 
1098.000000 438.000000 724.000000 7.000000 55.000000 
